     7     7     1
   0.0504829  -0.00278817     -129.538    -0.198212  -0.00010066  1.60687e-05  -0.00833182
 -0.00278817    0.0200964     -108.049   -0.0863869  0.000213847  2.00412e-06    0.0155893
    -129.538     -108.049  2.01501e+07     -3902.26     -45.5406     -12.6261      614.858
   -0.198212   -0.0863869     -3902.26      2.82585    0.0309958  0.000592672    -0.252103
 -0.00010066  0.000213847     -45.5406    0.0309958    0.0019126 -0.000199898  -0.00423236
 1.60687e-05  2.00412e-06     -12.6261  0.000592672 -0.000199898  5.57786e-05 -6.32151e-05
 -0.00833182    0.0155893      614.858    -0.252103  -0.00423236 -6.32151e-05    0.0427612
* row and column names
column_height
diffusion_coef
ellipse_major_axis
tgsd_mean
total_erupted_mass
wind_direction
wind_speed
