     7     7     1
   0.0244785  -0.00491767     -136.139    -0.322668 -0.000116737  0.000102997   -0.0092064
 -0.00491767    0.0205245     -57.3224   -0.0497306  -7.2648e-05  3.78132e-05    0.0185438
    -136.139     -57.3224   2.7066e+07     -1203.85       4.2785     -35.9543      521.699
   -0.322668   -0.0497306     -1203.85      5.68537    0.0211654   0.00067719   -0.0903753
-0.000116737  -7.2648e-05       4.2785    0.0211654   0.00160076 -0.000189511  -0.00287258
 0.000102997  3.78132e-05     -35.9543   0.00067719 -0.000189511   8.7285e-05 -0.000294089
  -0.0092064    0.0185438      521.699   -0.0903753  -0.00287258 -0.000294089     0.036169
* row and column names
column_height
diffusion_coef
ellipse_major_axis
tgsd_mean
total_erupted_mass
wind_direction
wind_speed
