     7     7     1
   0.0502534   0.00317897      98.9637     0.205843   0.00153632 -5.92686e-05   0.00640486
  0.00317897    0.0197561     -88.1126   -0.0995547 -5.67504e-05    5.854e-05    0.0168528
     98.9637     -88.1126  2.51406e+07     -2961.52      2.36574     -26.9632      514.764
    0.205843   -0.0995547     -2961.52      2.34928    0.0239249    0.0017036    -0.197485
  0.00153632 -5.67504e-05      2.36574    0.0239249    0.0014659 -0.000147761   -0.0023643
-5.92686e-05    5.854e-05     -26.9632    0.0017036 -0.000147761  5.56176e-05  -0.00026746
  0.00640486    0.0168528      514.764    -0.197485   -0.0023643  -0.00026746    0.0346882
* row and column names
column_height
diffusion_coef
ellipse_major_axis
tgsd_mean
total_erupted_mass
wind_direction
wind_speed
