     7     7     1
   0.0504697  -0.00280029     -128.056    -0.198667 -0.000120936  1.84534e-05  -0.00826137
 -0.00280029    0.0200866       -106.8    -0.086776  0.000201101   2.7912e-06    0.0156392
    -128.056       -106.8  1.99026e+07     -3858.18     -44.8594     -12.5631      607.703
   -0.198667    -0.086776     -3858.18      2.81037    0.0303717  0.000658167    -0.250091
-0.000120936  0.000201101     -44.8594    0.0303717   0.00191551 -0.000202994  -0.00415943
 1.84534e-05   2.7912e-06     -12.5631  0.000658167 -0.000202994  5.62867e-05  -6.4629e-05
 -0.00826137    0.0156392      607.703    -0.250091  -0.00415943  -6.4629e-05    0.0424643
* row and column names
column_height
diffusion_coef
ellipse_major_axis
tgsd_mean
total_erupted_mass
wind_direction
wind_speed
