     7     7     1
   0.0504818  -0.00278883     -129.491    -0.198242 -0.000102707  1.64004e-05  -0.00832912
 -0.00278883    0.0200961      -108.01   -0.0864061  0.000213011  2.04694e-06    0.0155899
    -129.491      -108.01  2.01323e+07     -3900.62     -45.6412     -12.5994      614.614
   -0.198242   -0.0864061     -3900.62      2.82491    0.0309401  0.000601189     -0.25202
-0.000102707  0.000213011     -45.6412    0.0309401   0.00191412 -0.000200227  -0.00423035
 1.64004e-05  2.04694e-06     -12.5994  0.000601189 -0.000200227  5.58727e-05 -6.26968e-05
 -0.00832912    0.0155899      614.614     -0.25202  -0.00423035 -6.26968e-05    0.0427608
* row and column names
column_height
diffusion_coef
ellipse_major_axis
tgsd_mean
total_erupted_mass
wind_direction
wind_speed
